100,71325,1,0
100,71256,2,0
100,71260,3,0
100,71225,4,0
100,71224,5,0
100,71226,6,0
100,71228,7,0
100,71233,8,0
100,71234,9,0
100,71235,10,0
100,71236,11,0
100,71237,12,0
100,71238,13,0
100,71239,14,0
100,71240,15,0
100,71241,16,0
100,71242,17,0
100,71246,18,0
100,71247,19,0
100,71248,20,0
100,71250,21,0
100,71251,22,0
100,71252,23,0
100,71253,24,0
100,71254,25,0
100,71255,26,0
100,71335,27,1
601,71324,1,0
601,71187,2,0
601,71213,3,0
601,71229,4,0
601,71185,5,0
601,71191,6,0
601,71193,7,0
601,71176,8,0
601,71424,9,0
601,71425,10,0
601,71426,11,0
601,71427,12,0
601,71394,13,0
601,71173,14,0
601,71428,15,0
601,71171,16,0
601,71204,17,0
601,71168,18,0
601,71206,19,0
601,71243,20,0
601,71209,21,0
601,71279,22,0
601,71281,23,0
601,71084,24,0
601,71354,25,0
601,71352,26,0
601,71356,27,0
601,71127,28,0
601,71294,29,0
601,71296,30,0
601,71221,31,0
601,71334,32,1
701,71323,1,0
701,71179,2,0
701,71180,3,0
701,71423,4,0
701,71307,5,0
701,71095,6,0
701,71167,7,0
701,71161,8,0
701,71160,9,0
701,71412,10,0
701,71155,11,0
701,71153,12,0
701,71263,13,0
701,71370,14,0
701,71265,15,0
701,71267,16,0
701,71269,17,0
701,71270,18,0
701,71272,19,0
701,71274,20,0
701,71276,21,0
701,71278,22,0
701,71208,23,0
701,71279,24,0
701,71164,25,0
701,71289,26,0
701,71290,27,0
701,71296,28,0
701,71221,29,0
701,71333,30,1
801,71324,1,0
801,71187,2,0
801,71213,3,0
801,71229,4,0
801,71185,5,0
801,71191,6,0
801,71193,7,0
801,71176,8,0
801,71424,9,0
801,71425,10,0
801,71426,11,0
801,71427,12,0
801,71394,13,0
801,71173,14,0
801,71428,15,0
801,71171,16,0
801,71204,17,0
801,71167,18,0
801,71161,19,0
801,71160,20,0
801,71412,21,0
801,71155,22,0
801,71153,23,0
801,71263,24,0
801,71370,25,0
801,71265,26,0
801,71267,27,0
801,71269,28,0
801,71270,29,0
801,71272,30,0
801,71274,31,0
801,71276,32,0
801,71278,33,0
801,71208,34,0
801,71279,35,0
801,71281,36,0
801,71084,37,0
801,71354,38,0
801,71352,39,0
801,71356,40,0
801,71127,41,0
801,71294,42,0
801,71296,43,0
801,71221,44,0
801,71334,45,1
32500,71031,1,0
32500,71002,2,0
32500,71051,3,0
32500,71001,4,0
32500,71336,5,1
32501,71326,1,0
32501,71050,2,0
32501,71014,3,0
32501,71031,4,0
32501,71002,5,0
32501,71051,6,0
32501,71330,7,1
33000,71031,1,0
33000,71002,2,0
33000,71051,3,0
33000,71015,4,0
33000,71001,5,0
33000,71336,6,1
33001,71326,1,0
33001,71031,2,0
33001,71002,3,0
33001,71051,4,0
33001,71015,5,1
34000,71031,1,0
34000,71331,2,0
34000,71001,3,0
34000,71321,4,1
34001,71321,1,0
34001,71331,2,0
34001,71031,3,1
35000,71031,1,0
35000,71001,2,0
35000,71321,3,1
35001,71321,1,0
35001,71031,2,1
60000,71083,1,0
60000,71001,2,0
60000,71347,3,1
60001,71327,1,0
60001,71411,2,0
60001,71083,3,1
2000100,71328,1,0
2000100,71013,2,0
2000100,71012,3,0
2000100,71016,4,0
2000100,71017,5,0
2000100,71018,6,0
2000100,71019,7,0
2000100,71020,8,0
2000100,71021,9,0
2000100,71022,10,0
2000100,71023,11,0
2000100,71024,12,1
2000101,71003,1,0
2000101,71004,2,0
2000101,71005,3,0
2000101,71006,4,0
2000101,71007,5,0
2000101,71008,6,0
2000101,71009,7,0
2000101,71010,8,0
2000101,71011,9,0
2000101,71291,10,0
2000101,71013,11,0
2000101,71329,12,1
2000200,71328,1,0
2000200,71337,2,0
2000200,71338,3,0
2000200,71339,4,0
2000200,71340,5,0
2000200,71341,6,0
2000200,71342,7,0
2000200,71343,8,0
2000200,71344,9,0
2000200,71345,10,0
2000200,71346,11,0
2000200,71329,12,1
2000300,71328,1,0
2000300,71026,2,0
2000300,71027,3,0
2000300,71028,4,0
2000300,71029,5,0
2000300,71030,6,0
2000300,71032,7,0
2000300,71033,8,0
2000300,71034,9,0
2000300,71035,10,0
2000300,71036,11,0
2000300,71037,12,0
2000300,71038,13,0
2000300,71039,14,0
2000300,71040,15,1
2000301,71040,1,0
2000301,71042,2,0
2000301,71043,3,0
2000301,71044,4,0
2000301,71045,5,0
2000301,71046,6,0
2000301,71047,7,0
2000301,71026,8,0
2000301,71027,9,0
2000301,71028,10,0
2000301,71029,11,0
2000301,71030,12,0
2000301,71032,13,0
2000301,71033,14,0
2000301,71329,15,1
