100,'Semaine-01',2152,,110,10,,,0,60,,110,280,4,,0,25,,112,10,,,0,20,,112,280,4,,0,50,,113,10,,,0,20,,113,280,4,,0,10,,114,10,,,0,20,,114,280,4,,0,80,,115,10,,,0,20,,115,280,4,,0
100,'Semaine-01-0001100',2407,,120,10,,,0,20,,120,280,4,,0,110,,121,10,,,0,19,,121,280,4,,0
100,'Semaine-02',2152,,830,10,,,0,60,,830,280,4,,0,25,,832,10,,,0,20,,832,280,4,,0,50,,833,10,,,0,20,,833,280,4,,0,10,,834,10,,,0,20,,834,280,4,,0,80,,835,10,,,0,20,,835,280,4,,0
100,'Semaine-02-0001100',2407,,840,10,,,0,20,,840,280,4,,0,110,,841,10,,,0,19,,841,280,4,,0
100,'Week-end-01',633,,123,10,,,0,19,,123,280,4,,0,61,,124,10,,,0,19,,124,280,4,,0,71,,125,10,,,0,19,,125,280,4,,0,6,,126,10,,,0,19,,126,280,4,,0,1,,127,10,,,0,59,,127,280,4,,0,6,,128,10,,,0,19,,128,280,4,,0,16,,129,10,,,0,59,,129,280,4,,0,6,,130,10,,,0,19,,130,280,4,,0,1,,131,10,,,0,19,,131,280,4,,0,56,,132,10,,,0,19,,132,280,4,,0,1,,133,10,,,0,19,,133,280,4,,0,11,,134,10,,,0,59,,134,280,4,,0,1,,135,10,,,0,19,,135,280,4,,0,11,,136,10,,,0,59,,136,280,4,,0,41,,137,10,,,0,59,,137,280,4,,0,1,,138,10,,,0,19,,138,280,4,,0,106,,139,10,,,0,19,,139,280,4,,0,1,,140,10,,,0,59,,140,280,4,,0,106,,141,10,,,0,19,,141,280,4,,0,1,,142,10,,,0,19,,142,280,4,,0,146,,143,10,,,0,19,,143,280,4,,0,1,,144,10,,,0,19,,144,280,4,,0,101,,122,10,,,0,59,,122,280,4,,0,1,,145,10,,,0,19,,145,280,4,,0,101,,146,10,,,0,19,,146,280,4,,0,1,,147,10,,,0,59,,147,280,4,,0,101,,148,10,,,0,19,,148,280,4,,0,1,,149,10,,,0,19,,149,280,4,,0,101,,150,10,,,0,59,,150,280,4,,0
2000003200,'Semaine-01',613,,665,10,0,5,0,26,,665,230,4,,0,1,,669,10,0,5,0,66,,669,230,4,,0,4,,666,10,0,5,0,26,,666,230,4,,0,1,,670,10,0,5,0,66,,670,230,4,,0,1,,667,10,0,5,0,26,,667,230,4,,0,25,,671,10,0,5,0,66,,671,230,4,,0,234,,668,10,0,5,0,66,,668,230,4,,0
2000003200,'Semaine-02',613,,1068,10,0,5,0,26,,1068,230,4,,0,1,,1072,10,0,5,0,66,,1072,230,4,,0,4,,1069,10,0,5,0,26,,1069,230,4,,0,1,,1073,10,0,5,0,66,,1073,230,4,,0,1,,1070,10,0,5,0,26,,1070,230,4,,0,25,,1074,10,0,5,0,66,,1074,230,4,,0,234,,1071,10,0,5,0,66,,1071,230,4,,0
2000003201,'Semaine-01',1315,,684,10,0,5,0,26,,684,230,4,,0,110,,685,10,0,5,0,66,,685,230,4,,0,6,,683,10,0,5,0,26,,683,230,4,,0,2,,686,10,0,5,0,66,,687,10,0,5,0,33,,687,230,4,,0,1,,691,10,0,5,0,73,,691,230,4,,0,1,,692,10,0,5,0,33,,692,230,4,,0,42,,689,10,0,5,0,33,,689,230,4,,0,77,,688,10,0,5,0,26,,688,230,4,,0,199,,693,10,0,5,0,66,,693,230,4,,0,34,,690,10,0,5,0,66,,690,230,4,,0
2000003201,'Semaine-02',1315,,1076,10,0,5,0,26,,1076,230,4,,0,110,,1077,10,0,5,0,66,,1077,230,4,,0,6,,1075,10,0,5,0,26,,1075,230,4,,0,2,,1078,10,0,5,0,66,,1079,10,0,5,0,33,,1079,230,4,,0,1,,1083,10,0,5,0,73,,1083,230,4,,0,1,,1084,10,0,5,0,33,,1084,230,4,,0,42,,1081,10,0,5,0,33,,1081,230,4,,0,77,,1080,10,0,5,0,26,,1080,230,4,,0,199,,1085,10,0,5,0,66,,1085,230,4,,0,34,,1082,10,0,5,0,66,,1082,230,4,,0
2000003300,'Semaine-01',630,,707,10,0,6 7,0,105,,708,10,0,6 7,0,111,,709,10,0,6 7,0,300,,710,10,0,6 7,0,488,,711,10,0,6 7,0,76,,712,10,0,6 7,0,95,,713,10,0,6 7,0,40,,714,10,0,6 7,0,60,,715,10,0,6 7,0
2000003300,'Semaine-02',630,,1086,10,0,6 7,0,105,,1087,10,0,6 7,0,111,,1088,10,0,6 7,0,300,,1089,10,0,6 7,0,488,,1090,10,0,6 7,0,76,,1091,10,0,6 7,0,95,,1092,10,0,6 7,0,40,,1093,10,0,6 7,0,60,,1094,10,0,6 7,0
2000003300,'Week-end-01',1350,,718,10,0,6 7,0,185,,719,10,0,6 7,0,185,,716,10,0,6 7,0,185,,717,10,0,6 7,0
2000003301,'Semaine-01',643,,733,190,4,,0,80,,734,190,4,,0,93,,740,190,4,,0,95,,735,190,4,,0,420,,736,190,4,,0,285,,739,190,4,,0,105,,737,190,4,,0,15,,738,190,4,,0
2000003301,'Semaine-02',643,,1095,190,4,,0,80,,1096,190,4,,0,93,,1102,190,4,,0,95,,1097,190,4,,0,420,,1098,190,4,,0,285,,1101,190,4,,0,105,,1099,190,4,,0,15,,1100,190,4,,0
2000003301,'Week-end-01',825,,744,190,4,,0,80,,745,190,4,,0,240,,741,190,4,,0,280,,742,190,4,,0,185,,743,190,4,,0
2000003400,'Semaine-01',641,,756,10,0,11,0,84,,757,10,0,11,0,115,,758,10,0,11,0,315,,759,10,0,11,0,161,,760,10,0,11,0,236,,761,10,0,11,0,83,,762,10,0,11,0,77,,763,10,0,11,0,40,,764,10,0,11,0,88,,765,10,0,11,0
2000003400,'Semaine-02',641,,1103,10,0,11,0,84,,1104,10,0,11,0,115,,1105,10,0,11,0,315,,1106,10,0,11,0,161,,1107,10,0,11,0,236,,1108,10,0,11,0,83,,1109,10,0,11,0,77,,1110,10,0,11,0,40,,1111,10,0,11,0,88,,1112,10,0,11,0
2000003401,'Semaine-01',640,,776,190,4,,0,67,,777,190,4,,0,28,,778,190,4,,0,90,,779,190,4,,0,95,,780,190,4,,0,395,,781,190,4,,0,120,,782,190,4,,0,195,,783,190,4,,0,102,,784,190,4,,0,100,,785,190,4,,0
2000003401,'Semaine-02',640,,1113,190,4,,0,67,,1114,190,4,,0,28,,1115,190,4,,0,90,,1116,190,4,,0,95,,1117,190,4,,0,395,,1118,190,4,,0,120,,1119,190,4,,0,195,,1120,190,4,,0,102,,1121,190,4,,0,100,,1122,190,4,,0
