100,'Semaine-01',539,,83,270,,,0,65,,88,270,,,0,19,,92,270,,,0,14,,103,270,,,0,16,,111,270,,,0,51,,116,270,,,0,15,,118,270,,,0,15,,117,270,,,0,15,,119,270,,,0,55,,84,270,,,0,18,,82,270,,,0,16,,85,270,,,0,70,,86,270,,,0,37,,87,270,,,0,80,,73,270,,,0,80,,74,270,,,0,40,,75,270,,,0,80,,76,270,,,0,80,,77,270,,,0,37,,78,270,,,0,77,,79,270,,,0,40,,80,270,,,0,80,,81,270,,,0,73,,72,270,,,0,26,,89,270,,,0,10,,90,270,,,0,56,,91,270,,,0,14,,93,270,,,0,14,,94,270,,,0,16,,95,270,,,0,55,,96,270,,,0,15,,97,270,,,0,12,,98,270,,,0,18,,99,270,,,0,52,,100,270,,,0,15,,101,270,,,0,13,,102,270,,,0,11,,104,270,,,0,12,,105,270,,,0,65,,106,270,,,0,38,,107,270,,,0,68,,108,270,,,0,30,,109,270,,,0,57,,110,270,,,0,45,,112,270,,,0,70,,113,270,,,0,30,,114,270,,,0,100,,115,270,,,0
100,'Semaine-01-0001100',2424,,120,270,,,0,129,,121,270,,,0
100,'Semaine-02',539,,803,270,,,0,65,,808,270,,,0,19,,812,270,,,0,14,,823,270,,,0,16,,831,270,,,0,51,,836,270,,,0,15,,838,270,,,0,15,,837,270,,,0,15,,839,270,,,0,55,,804,270,,,0,18,,802,270,,,0,16,,805,270,,,0,70,,806,270,,,0,37,,807,270,,,0,80,,793,270,,,0,80,,794,270,,,0,40,,795,270,,,0,80,,796,270,,,0,80,,797,270,,,0,37,,798,270,,,0,77,,799,270,,,0,40,,800,270,,,0,80,,801,270,,,0,73,,792,270,,,0,26,,809,270,,,0,10,,810,270,,,0,56,,811,270,,,0,14,,813,270,,,0,14,,814,270,,,0,16,,815,270,,,0,55,,816,270,,,0,15,,817,270,,,0,12,,818,270,,,0,18,,819,270,,,0,52,,820,270,,,0,15,,821,270,,,0,13,,822,270,,,0,11,,824,270,,,0,12,,825,270,,,0,65,,826,270,,,0,38,,827,270,,,0,68,,828,270,,,0,30,,829,270,,,0,57,,830,270,,,0,45,,832,270,,,0,70,,833,270,,,0,30,,834,270,,,0,100,,835,270,,,0
100,'Semaine-02-0001100',2424,,840,270,,,0,129,,841,270,,,0
100,'Week-end-01',649,,123,270,,,0,80,,124,270,,,0,90,,125,270,,,0,25,,126,270,,,0,60,,127,270,,,0,25,,128,270,,,0,75,,129,270,,,0,25,,130,270,,,0,20,,131,270,,,0,75,,132,270,,,0,20,,133,270,,,0,70,,134,270,,,0,20,,135,270,,,0,70,,136,270,,,0,100,,137,270,,,0,20,,138,270,,,0,125,,139,270,,,0,60,,140,270,,,0,125,,141,270,,,0,20,,142,270,,,0,165,,143,270,,,0,20,,144,270,,,0,120,,122,270,,,0,60,,145,270,,,0,120,,146,270,,,0,20,,147,270,,,0,160,,148,270,,,0,20,,149,270,,,0,120,,150,270,,,0
32500,'Semaine-01',953,,351,50,,,0,78,,352,50,,,0,80,,357,50,,,0,42,,358,50,,,0,78,,359,50,,,0,80,,360,50,,,0,42,,361,50,,,0,78,,362,50,,,0,79,,353,50,,,0,29,,354,50,,,0,71,,355,50,,,0
32500,'Semaine-02',953,,940,50,,,0,78,,941,50,,,0,80,,945,50,,,0,42,,946,50,,,0,78,,947,50,,,0,80,,948,50,,,0,42,,949,50,,,0,78,,950,50,,,0,79,,942,50,,,0,29,,943,50,,,0,71,,944,50,,,0
33000,'Semaine-01',1655,,383,50,,,0
33000,'Semaine-02',1655,,960,50,,,0
34000,'Week-end-01',1344,,392,40,,,0,185,,393,40,,,0,185,,394,40,,,0,145,,395,40,,,0
35000,'Semaine-01',635,,452,20,,,0,16,,459,20,,,0,54,,467,20,,,0,13,,449,20,,,0,27,,468,20,,,0,90,,469,20,,,0,793,,453,20,,,0,25,,454,20,,,0,50,,451,20,,,0,15,,455,20,,,0,15,,456,20,,,0,10,,457,20,,,0,15,,786,20,,,0,55,,458,20,,,0,15,,460,20,,,0,72,,787,20,,,0,24,,461,20,,,0,30,,448,20,,,0,72,,462,20,,,0,103,,463,20,,,0,30,,450,20,,,0,70,,464,20,,,0,100,,465,20,,,0,100,,466,20,,,0,100,,470,20,,,0
35000,'Semaine-02',635,,968,20,,,0,16,,975,20,,,0,54,,983,20,,,0,13,,963,20,,,0,27,,984,20,,,0,90,,985,20,,,0,793,,969,20,,,0,25,,970,20,,,0,50,,965,20,,,0,15,,971,20,,,0,15,,972,20,,,0,10,,973,20,,,0,60,,966,20,,,0,10,,974,20,,,0,15,,976,20,,,0,72,,967,20,,,0,24,,977,20,,,0,30,,962,20,,,0,72,,978,20,,,0,103,,979,20,,,0,30,,964,20,,,0,70,,980,20,,,0,100,,981,20,,,0,100,,982,20,,,0,100,,986,20,,,0
35000,'Week-end-01',749,,471,20,,,0,80,,472,20,,,0,100,,473,20,,,0,80,,474,20,,,0,95,,475,20,,,0,50,,476,20,,,0,90,,477,20,,,0,795,,478,20,,,0,180,,479,20,,,0,140,,480,20,,,0,180,,481,20,,,0
60000,'Semaine-01',641,,583,20,,,0,60,,598,20,,,0,23,,586,20,,,0,22,,584,20,,,0,60,,599,20,,,0,21,,585,20,,,0,25,,587,20,,,0,172,,603,20,,,0,120,,601,20,,,0,160,,602,20,,,0,120,,604,20,,,0,120,,600,20,,,0,66,,588,20,,,0,17,,589,20,,,0,20,,590,20,,,0,60,,591,20,,,0,20,,592,20,,,0,20,,593,20,,,0,57,,594,20,,,0,20,,595,20,,,0,20,,596,20,,,0,60,,597,20,,,0,25,,607,20,,,0,100,,608,20,,,0,100,,606,20,,,0,100,,605,20,,,0
60000,'Semaine-02',641,,1015,20,,,0,60,,1030,20,,,0,23,,1018,20,,,0,22,,1016,20,,,0,60,,1031,20,,,0,21,,1017,20,,,0,25,,1019,20,,,0,172,,1035,20,,,0,120,,1033,20,,,0,160,,1034,20,,,0,120,,1036,20,,,0,120,,1032,20,,,0,66,,1020,20,,,0,17,,1021,20,,,0,20,,1022,20,,,0,60,,1023,20,,,0,20,,1024,20,,,0,20,,1025,20,,,0,57,,1026,20,,,0,20,,1027,20,,,0,20,,1028,20,,,0,60,,1029,20,,,0,25,,1039,20,,,0,100,,1040,20,,,0,100,,1038,20,,,0,100,,1037,20,,,0
2000003200,'Semaine-01',636,,665,220,0,5,0,67,,669,220,0,5,0,30,,666,220,0,5,0,67,,670,220,0,5,0,27,,667,220,0,5,0,91,,671,220,0,5,0,300,,668,220,0,5,0
2000003200,'Semaine-02',636,,1068,220,0,5,0,67,,1072,220,0,5,0,30,,1069,220,0,5,0,67,,1073,220,0,5,0,27,,1070,220,0,5,0,91,,1074,220,0,5,0,300,,1071,220,0,5,0
2000003201,'Semaine-01',1328,,684,160,0,5,0,176,,685,160,0,5,0,32,,683,160,0,5,0,68,,686,160,0,5,0,32,,687,160,0,5,0,74,,691,160,0,5,0,34,,692,160,0,5,0,75,,689,160,0,5,0,104,,688,160,0,5,0,225,,693,160,0,5,0,100,,690,160,0,5,0
2000003201,'Semaine-02',1328,,1076,160,0,5,0,176,,1077,160,0,5,0,32,,1075,160,0,5,0,68,,1078,160,0,5,0,32,,1079,160,0,5,0,74,,1083,160,0,5,0,34,,1084,160,0,5,0,75,,1081,160,0,5,0,104,,1080,160,0,5,0,225,,1085,160,0,5,0,100,,1082,160,0,5,0
