100,71328,1,0
100,71325,2,0
100,71256,3,0
100,71260,4,0
100,71225,5,0
100,71224,6,0
100,71226,7,0
100,71228,8,0
100,71233,9,0
100,71234,10,0
100,71235,11,0
100,71236,12,0
100,71237,13,0
100,71238,14,0
100,71239,15,0
100,71240,16,0
100,71241,17,0
100,71242,18,0
100,71246,19,0
100,71247,20,0
100,71248,21,0
100,71250,22,0
100,71251,23,0
100,71252,24,0
100,71253,25,0
100,71254,26,0
100,71255,27,0
100,71001,28,0
301,71324,1,0
301,71179,2,0
301,71180,3,0
301,71182,4,0
301,71423,5,0
301,71425,6,0
301,71426,7,0
301,71427,8,0
301,71394,9,0
301,71173,10,0
301,71428,11,0
301,71171,12,0
301,71205,13,0
301,71183,14,0
301,71184,15,0
301,71166,16,0
301,71169,17,0
301,71206,18,0
301,71243,19,0
301,71283,20,0
301,71284,21,0
301,71280,22,0
301,71230,23,0
301,71185,24,0
301,71191,25,0
301,71193,26,0
301,71176,27,0
301,71424,28,0
301,71431,29,0
301,71429,30,0
400,71323,1,0
400,71433,2,0
400,71282,3,0
400,71286,4,0
400,71287,5,0
400,71163,6,0
400,71288,7,0
400,71207,8,0
400,71277,9,0
400,71275,10,0
400,71300,11,0
400,71149,12,0
400,71151,13,0
400,71263,14,0
400,71370,15,0
400,71265,16,0
400,71267,17,0
400,71269,18,0
400,71270,19,0
400,71272,20,0
400,71274,21,0
400,71322,22,0
400,71303,23,0
400,71305,24,0
400,71085,25,0
400,71354,26,0
400,71352,27,0
400,71356,28,0
400,71127,29,0
400,71294,30,0
400,71220,31,0
400,71432,32,0
500,71321,1,0
500,71179,2,0
500,71180,3,0
500,71100,4,0
500,71098,5,0
500,71192,6,0
500,71193,7,0
500,71307,8,0
500,71095,9,0
500,71167,10,0
500,71161,11,0
500,71092,12,0
500,71091,13,0
500,71089,14,0
500,71413,15,0
500,71155,16,0
500,71153,17,0
500,71150,18,0
500,71301,19,0
500,71276,20,0
500,71278,21,0
500,71208,22,0
500,71216,23,0
500,71218,24,0
500,71210,25,0
500,71188,26,0
801,71324,1,0
801,71187,2,0
801,71213,3,0
801,71229,4,0
801,71185,5,0
801,71191,6,0
801,71193,7,0
801,71176,8,0
801,71424,9,0
801,71425,10,0
801,71426,11,0
801,71427,12,0
801,71394,13,0
801,71173,14,0
801,71428,15,0
801,71171,16,0
801,71204,17,0
801,71167,18,0
801,71161,19,0
801,71160,20,0
801,71412,21,0
801,71155,22,0
801,71153,23,0
801,71263,24,0
801,71370,25,0
801,71265,26,0
801,71267,27,0
801,71269,28,0
801,71270,29,0
801,71272,30,0
801,71274,31,0
801,71276,32,0
801,71278,33,0
801,71208,34,0
801,71279,35,0
801,71281,36,0
801,71084,37,0
801,71354,38,0
801,71352,39,0
801,71356,40,0
801,71127,41,0
801,71294,42,0
801,71296,43,0
801,71221,44,0
3000,71321,1,0
3000,73905,2,0
3000,73637,3,0
3000,73639,4,0
3000,73641,5,0
3000,73643,6,0
3000,73645,7,0
3000,73622,8,0
3000,73618,9,0
3000,73600,10,1
3001,73600,1,0
3001,73617,2,0
3001,73621,3,0
3001,73646,4,0
3001,73644,5,0
3001,73642,6,0
3001,73640,7,0
3001,73638,8,0
3001,73594,9,0
3001,71321,10,1
32500,71031,1,0
32500,74182,2,0
32500,71051,3,0
32500,71330,4,0
32500,71001,5,0
32500,71326,6,1
32501,71326,1,0
32501,75040,2,1
32501,70005,3,1
32501,71014,4,1
32501,71031,5,1
32501,74182,6,1
32501,71051,7,1
32501,71330,8,1
33000,71031,1,0
33000,74182,2,0
33000,71051,3,0
33000,71015,4,0
33000,71001,5,0
33000,71326,6,1
33001,71326,1,0
33001,71031,2,1
33001,74182,3,1
33001,71051,4,1
33001,71015,5,1
34000,71031,1,0
34000,73024,2,0
34000,71331,3,0
34000,71001,4,0
34000,71326,5,1
34001,71326,1,0
34001,73024,2,1
34001,71331,3,1
34001,71031,4,1
35000,71031,1,0
35000,71001,2,0
35000,71326,3,1
35001,71326,1,0
35001,71031,2,1
60000,75872,1,0
60000,71001,2,0
60000,71327,3,1
60001,71327,1,0
60001,75872,2,1
2000003200,71328,1,0
2000003200,71024,2,0
2000003200,71004,3,0
2000003200,71005,4,0
2000003200,71006,5,0
2000003200,71007,6,0
2000003200,71008,7,0
2000003200,71013,8,0
2000003200,71012,9,0
2000003200,71016,10,0
2000003200,71017,11,0
2000003200,71018,12,0
2000003200,71337,13,0
2000003200,71338,14,0
2000003200,71339,15,0
2000003200,71340,16,0
2000003200,71341,17,0
2000003200,71343,18,0
2000003200,71344,19,0
2000003200,71345,20,0
2000003200,71346,21,0
2000003200,71001,22,0
2000003201,71328,1,0
2000003201,71337,2,0
2000003201,71338,3,0
2000003201,71339,4,0
2000003201,71340,5,0
2000003201,71341,6,0
2000003201,71343,7,0
2000003201,71344,8,0
2000003201,71345,9,0
2000003201,71346,10,0
2000003201,71009,11,0
2000003201,71010,12,0
2000003201,71011,13,0
2000003201,71291,14,0
2000003201,71013,15,0
2000003201,71001,16,0
2000003201,71019,17,0
2000003201,71020,18,0
2000003201,71021,19,0
2000003201,71022,20,0
2000003201,71023,21,0
2000003201,71024,22,0
2000003300,71328,1,0
2000003300,71026,2,0
2000003300,71027,3,0
2000003300,71028,4,0
2000003300,71029,5,0
2000003300,71041,6,0
2000003300,71033,7,0
2000003300,71607,8,0
2000003300,71609,9,0
2000003300,71608,10,0
2000003300,71605,11,0
2000003300,71604,12,0
2000003300,71034,13,0
2000003300,71035,14,0
2000003300,71036,15,0
2000003300,71037,16,0
2000003300,71038,17,0
2000003300,71039,18,0
2000003300,71040,19,1
2000003301,71040,1,0
2000003301,71042,2,0
2000003301,71043,3,0
2000003301,71044,4,0
2000003301,71045,5,0
2000003301,71046,6,0
2000003301,71047,7,0
2000003301,71604,8,0
2000003301,71606,9,0
2000003301,71607,10,0
2000003301,71609,11,0
2000003301,71608,12,0
2000003301,71026,13,0
2000003301,71027,14,0
2000003301,71028,15,0
2000003301,71029,16,0
2000003301,71041,17,0
2000003301,71033,18,0
2000003301,71328,19,1
2000003400,71328,1,0
2000003400,71464,2,0
2000003400,71456,3,0
2000003400,71454,4,0
2000003400,71452,5,0
2000003400,71450,6,0
2000003400,70417,7,0
2000003400,70419,8,0
2000003400,70420,9,0
2000003400,70421,10,0
2000003400,70422,11,0
2000003400,70424,12,0
2000003400,70426,13,0
2000003400,70428,14,0
2000003400,70429,15,0
2000003400,73143,16,0
2000003400,73140,17,0
2000003400,73139,18,0
2000003400,73120,19,1
2000003401,73120,1,0
2000003401,73139,2,0
2000003401,73140,3,0
2000003401,73143,4,0
2000003401,70429,5,0
2000003401,70428,6,0
2000003401,70427,7,0
2000003401,70425,8,0
2000003401,70423,9,0
2000003401,70421,10,0
2000003401,70420,11,0
2000003401,70419,12,0
2000003401,70418,13,0
2000003401,71464,14,0
2000003401,71456,15,0
2000003401,71454,16,0
2000003401,71452,17,0
2000003401,71450,18,0
2000003401,71328,19,1
