32500,'Semaine-01',922,,351,10,,,0,78,,352,10,,,0,40,,357,10,,,0,82,,358,10,,,0,36,,359,10,,,0,80,,360,10,,,0,82,,361,10,,,0,38,,362,10,,,0,77,,353,10,,,0,69,,354,10,,,0,30,,355,10,,,0
32500,'Semaine-02',922,,940,10,,,0,78,,941,10,,,0,40,,945,10,,,0,82,,946,10,,,0,36,,947,10,,,0,80,,948,10,,,0,82,,949,10,,,0,38,,950,10,,,0,77,,942,10,,,0,69,,943,10,,,0,30,,944,10,,,0
32501,'Semaine-01',956,,369,50,4,,0,76,,371,50,4,,0,80,,372,50,4,,0,40,,373,50,4,,0,80,,374,50,4,,0,80,,375,50,4,,0,40,,376,50,4,,0,80,,377,50,4,,0,120,,370,50,4,,0
32501,'Semaine-02',956,,951,50,4,,0,76,,953,50,4,,0,80,,954,50,4,,0,40,,955,50,4,,0,80,,956,50,4,,0,80,,957,50,4,,0,40,,958,50,4,,0,80,,959,50,4,,0,120,,952,50,4,,0
33000,'Semaine-01',1608,,383,10,,,0
33000,'Semaine-02',1608,,960,10,,,0
33001,'Semaine-01',708,,386,20,4,,0
33001,'Semaine-02',708,,961,20,4,,0
34000,'Week-end-01',1315,,392,10,,,0,185,,393,10,,,0,145,,394,10,,,0,185,,395,10,,,0
34001,'Week-end-01',900,,400,40,4,,0,40,,401,40,4,,0,185,,402,40,4,,0,185,,403,40,4,,0
35000,'Semaine-01',615,,452,10,,,0,15,,459,10,,,0,15,,467,10,,,0,13,,449,10,,,0,67,,468,10,,,0,90,,469,10,,,0,785,,453,10,,,0,25,,454,10,,,0,10,,451,10,,,0,10,,455,10,,,0,55,,456,10,,,0,15,,457,10,,,0,15,,786,10,,,0,15,,458,10,,,0,55,,460,10,,,0,32,,787,10,,,0,68,,461,10,,,0,30,,448,10,,,0,77,,462,10,,,0,103,,463,10,,,0,30,,450,10,,,0,70,,464,10,,,0,100,,465,10,,,0,100,,466,10,,,0,100,,470,10,,,0
35000,'Semaine-02',615,,968,10,,,0,15,,975,10,,,0,15,,983,10,,,0,13,,963,10,,,0,67,,984,10,,,0,90,,985,10,,,0,785,,969,10,,,0,25,,970,10,,,0,10,,965,10,,,0,10,,971,10,,,0,55,,972,10,,,0,15,,973,10,,,0,20,,966,10,,,0,10,,974,10,,,0,55,,976,10,,,0,32,,967,10,,,0,68,,977,10,,,0,30,,962,10,,,0,77,,978,10,,,0,103,,979,10,,,0,30,,964,10,,,0,70,,980,10,,,0,100,,981,10,,,0,100,,982,10,,,0,100,,986,10,,,0
35000,'Week-end-01',725,,471,10,,,0,80,,472,10,,,0,100,,473,10,,,0,40,,474,10,,,0,95,,475,10,,,0,90,,476,10,,,0,90,,477,10,,,0,795,,478,10,,,0,140,,479,10,,,0,180,,480,10,,,0,180,,481,10,,,0
35001,'Semaine-01',607,,529,20,4,,0,15,,538,20,4,,0,15,,543,20,4,,0,16,,545,20,4,,0,68,,544,20,4,,0,22,,788,20,4,,0,10,,791,20,4,,0,55,,546,20,4,,0,13,,547,20,4,,0,15,,789,20,4,,0,10,,790,20,4,,0,64,,530,20,4,,0,592,,528,20,4,,0,118,,531,20,4,,0,30,,532,20,4,,0,55,,549,20,4,,0,30,,550,20,4,,0,20,,533,20,4,,0,55,,534,20,4,,0,19,,535,20,4,,0,21,,536,20,4,,0,70,,527,20,4,,0,80,,537,20,4,,0,35,,539,20,4,,0,100,,540,20,4,,0,100,,541,20,4,,0,100,,542,20,4,,0,100,,548,20,4,,0
35001,'Semaine-02',607,,993,20,4,,0,15,,1002,20,4,,0,15,,1007,20,4,,0,16,,1009,20,4,,0,68,,1008,20,4,,0,22,,988,20,4,,0,10,,991,20,4,,0,55,,1010,20,4,,0,13,,1011,20,4,,0,15,,989,20,4,,0,10,,990,20,4,,0,64,,994,20,4,,0,592,,992,20,4,,0,118,,995,20,4,,0,30,,996,20,4,,0,55,,1013,20,4,,0,30,,1014,20,4,,0,20,,997,20,4,,0,55,,998,20,4,,0,19,,999,20,4,,0,21,,1000,20,4,,0,70,,987,20,4,,0,80,,1001,20,4,,0,35,,1003,20,4,,0,100,,1004,20,4,,0,100,,1005,20,4,,0,100,,1006,20,4,,0,100,,1012,20,4,,0
35001,'Week-end-01',720,,551,20,4,,0,80,,552,20,4,,0,235,,553,20,4,,0,180,,554,20,4,,0,240,,555,20,4,,0,185,,556,20,4,,0,185,,557,20,4,,0,185,,558,20,4,,0,140,,559,20,4,,0,180,,560,20,4,,0,180,,561,20,4,,0
