32500,'Semaine-01',954,,351,60,4,,0,78,,352,60,4,,0,80,,357,60,4,,0,42,,358,60,4,,0,78,,359,60,4,,0,80,,360,60,4,,0,42,,361,60,4,,0,78,,362,60,4,,0,80,,353,60,4,,0,29,,354,60,4,,0,71,,355,60,4,,0
32500,'Semaine-02',954,,940,60,4,,0,78,,941,60,4,,0,80,,945,60,4,,0,42,,946,60,4,,0,78,,947,60,4,,0,80,,948,60,4,,0,42,,949,60,4,,0,78,,950,60,4,,0,80,,942,60,4,,0,29,,943,60,4,,0,71,,944,60,4,,0
32501,'Semaine-01',924,,369,10,,,0,76,,371,10,,,0,40,,372,10,,,0,80,,373,10,,,0,80,,374,10,,,0,40,,375,10,,,0,80,,376,10,,,0,80,,377,10,,,0,120,,370,10,,,0
32501,'Semaine-02',924,,951,10,,,0,76,,953,10,,,0,40,,954,10,,,0,80,,955,10,,,0,80,,956,10,,,0,40,,957,10,,,0,80,,958,10,,,0,80,,959,10,,,0,120,,952,10,,,0
33000,'Semaine-01',1657,,383,60,4,,0
33000,'Semaine-02',1657,,960,60,4,,0
33001,'Semaine-01',645,,386,10,,,0
33001,'Semaine-02',645,,961,10,,,0
34000,'Week-end-01',1345,,392,50,4,,0,185,,393,50,4,,0,185,,394,50,4,,0,185,,395,50,4,,0
34001,'Week-end-01',830,,400,10,,,0,80,,401,10,,,0,145,,402,10,,,0,185,,403,10,,,0
35000,'Semaine-01',636,,452,30,4,,0,16,,459,30,4,,0,54,,467,30,4,,0,13,,449,30,4,,0,27,,468,30,4,,0,90,,469,30,4,,0,794,,453,30,4,,0,25,,454,30,4,,0,50,,451,30,4,,0,15,,455,30,4,,0,15,,456,30,4,,0,10,,457,30,4,,0,55,,786,30,4,,0,15,,458,30,4,,0,15,,460,30,4,,0,72,,787,30,4,,0,23,,461,30,4,,0,30,,448,30,4,,0,72,,462,30,4,,0,103,,463,30,4,,0,70,,450,30,4,,0,30,,464,30,4,,0,100,,465,30,4,,0,100,,466,30,4,,0,100,,470,30,4,,0
35000,'Semaine-02',636,,968,30,4,,0,16,,975,30,4,,0,54,,983,30,4,,0,13,,963,30,4,,0,27,,984,30,4,,0,90,,985,30,4,,0,794,,969,30,4,,0,25,,970,30,4,,0,50,,965,30,4,,0,15,,971,30,4,,0,15,,972,30,4,,0,10,,973,30,4,,0,60,,966,30,4,,0,10,,974,30,4,,0,15,,976,30,4,,0,72,,967,30,4,,0,23,,977,30,4,,0,30,,962,30,4,,0,72,,978,30,4,,0,103,,979,30,4,,0,70,,964,30,4,,0,30,,980,30,4,,0,100,,981,30,4,,0,100,,982,30,4,,0,100,,986,30,4,,0
35000,'Week-end-01',750,,471,30,4,,0,80,,472,30,4,,0,100,,473,30,4,,0,80,,474,30,4,,0,95,,475,30,4,,0,50,,476,30,4,,0,90,,477,30,4,,0,795,,478,30,4,,0,180,,479,30,4,,0,180,,480,30,4,,0,140,,481,30,4,,0
35001,'Semaine-01',545,,529,10,,,0,55,,538,10,,,0,15,,543,10,,,0,15,,545,10,,,0,25,,544,10,,,0,60,,788,10,,,0,10,,791,10,,,0,15,,546,10,,,0,15,,547,10,,,0,55,,789,10,,,0,10,,790,10,,,0,25,,530,10,,,0,595,,528,10,,,0,115,,531,10,,,0,65,,532,10,,,0,15,,549,10,,,0,70,,550,10,,,0,20,,533,10,,,0,15,,534,10,,,0,19,,535,10,,,0,61,,536,10,,,0,35,,527,10,,,0,85,,537,10,,,0,75,,539,10,,,0,100,,540,10,,,0,100,,541,10,,,0,100,,542,10,,,0,100,,548,10,,,0
35001,'Semaine-02',545,,993,10,,,0,55,,1002,10,,,0,15,,1007,10,,,0,15,,1009,10,,,0,25,,1008,10,,,0,60,,988,10,,,0,10,,991,10,,,0,15,,1010,10,,,0,15,,1011,10,,,0,55,,989,10,,,0,10,,990,10,,,0,25,,994,10,,,0,595,,992,10,,,0,115,,995,10,,,0,65,,996,10,,,0,15,,1013,10,,,0,70,,1014,10,,,0,20,,997,10,,,0,15,,998,10,,,0,19,,999,10,,,0,61,,1000,10,,,0,35,,987,10,,,0,85,,1001,10,,,0,75,,1003,10,,,0,100,,1004,10,,,0,100,,1005,10,,,0,100,,1006,10,,,0,100,,1012,10,,,0
35001,'Week-end-01',655,,551,10,,,0,80,,552,10,,,0,275,,553,10,,,0,140,,554,10,,,0,280,,555,10,,,0,185,,556,10,,,0,185,,557,10,,,0,145,,558,10,,,0,180,,559,10,,,0,180,,560,10,,,0,140,,561,10,,,0
