10000,71321,1,0
10000,71256,2,0
10000,71260,3,0
10000,71225,4,0
10000,71224,5,0
10000,71226,6,0
10000,71228,7,0
10000,71233,8,0
10000,71234,9,0
10000,71235,10,0
10000,71236,11,0
10000,71237,12,0
10000,71238,13,0
10000,71239,14,0
10000,71240,15,0
10000,71241,16,0
10000,71242,17,0
10000,71246,18,0
10000,71247,19,0
10000,71248,20,0
10000,71250,21,0
10000,71251,22,0
10000,71252,23,0
10000,71253,24,0
10000,71254,25,0
10000,71255,26,1
11000,71321,1,0
11000,71013,2,0
11000,71012,3,0
11000,71016,4,0
11000,71017,5,0
11000,71018,6,0
11000,71019,7,0
11000,71020,8,0
11000,71021,9,0
11000,71022,10,0
11000,71023,11,0
11000,71024,12,1
11001,71003,1,0
11001,71004,2,0
11001,71005,3,0
11001,71006,4,0
11001,71007,5,0
11001,71008,6,0
11001,71009,7,0
11001,71010,8,0
11001,71011,9,0
11001,71012,10,0
11001,71013,11,0
11001,71321,12,1
12000,71321,1,0
12000,71337,2,0
12000,71338,3,0
12000,71339,4,0
12000,71340,5,0
12000,71341,6,0
12000,71342,7,0
12000,71343,8,0
12000,71344,9,0
12000,71345,10,0
12000,71346,11,1
20001,71321,1,0
20001,71187,2,0
20001,71213,3,0
20001,71229,4,0
20001,71185,5,0
20001,71191,6,0
20001,71193,7,0
20001,71176,8,0
20001,71424,9,0
20001,71425,10,0
20001,71426,11,0
20001,71427,12,0
20001,71394,13,0
20001,71173,14,0
20001,71171,15,0
20001,71204,16,0
20001,71168,17,0
20001,71206,18,0
20001,71243,19,0
20001,71209,20,0
20001,71279,21,0
20001,71281,22,0
20001,71084,23,0
20001,71354,24,0
20001,71352,25,0
20001,71356,26,0
20001,71127,27,0
20001,71294,28,0
20001,71296,29,0
20001,71221,30,1
22001,71321,1,0
22001,71180,2,0
22001,71423,3,0
22001,71307,4,0
22001,71095,5,0
22001,71167,6,0
22001,71161,7,0
22001,71160,8,0
22001,71412,9,0
22001,71155,10,0
22001,71153,11,0
22001,71263,12,0
22001,71370,13,0
22001,71265,14,0
22001,71267,15,0
22001,71269,16,0
22001,71270,17,0
22001,71272,18,0
22001,71274,19,0
22001,71276,20,0
22001,71278,21,0
22001,71208,22,0
22001,71279,23,0
22001,71289,24,0
22001,71290,25,0
22001,71291,26,0
22001,71221,27,1
25001,71321,1,0
25001,71180,2,0
25001,71182,3,0
25001,71423,4,0
25001,71425,5,0
25001,71426,6,0
25001,71427,7,0
25001,71394,8,0
25001,71173,9,0
25001,71171,10,0
25001,71204,11,0
25001,71183,12,0
25001,71184,13,0
25001,71166,14,0
25001,71168,15,0
25001,71206,16,0
25001,71243,17,0
25001,71283,18,0
25001,71284,19,0
25001,71230,20,0
25001,71185,21,0
25001,71191,22,0
25001,71193,23,0
25001,71176,24,0
25001,71424,25,1
32500,71031,1,0
32500,71002,2,0
32500,71051,3,0
32500,71330,4,0
32500,71321,5,1
32501,71321,1,0
32501,71050,2,0
32501,71002,3,0
32501,71031,4,0
32501,71051,6,0
32501,71330,7,1
33000,71031,1,0
33000,71002,2,0
33000,71051,3,0
33000,71015,4,0
33000,71321,5,1
33001,71321,1,0
33001,71031,2,0
33001,71002,3,0
33001,71051,4,0
33001,71015,5,1
34000,71031,1,0
34000,71331,2,0
34000,71321,3,1
34001,71321,1,0
34001,71331,2,0
34001,71031,3,1
35000,71031,1,0
35000,71321,2,1
35001,71321,1,0
35001,71031,2,1
45001,71321,1,0
45001,71187,2,0
45001,71213,3,0
45001,71229,4,0
45001,71185,5,0
45001,71191,6,0
45001,71193,7,0
45001,71176,8,0
45001,71424,9,0
45001,71425,10,0
45001,71426,11,0
45001,71427,12,0
45001,71394,13,0
45001,71173,14,0
45001,71171,15,0
45001,71204,16,0
45001,71169,17,0
45001,71161,18,0
45001,71160,19,0
45001,71412,20,0
45001,71155,21,0
45001,71153,22,0
45001,71263,23,0
45001,71370,24,0
45001,71265,25,0
45001,71267,26,0
45001,71269,27,0
45001,71270,28,0
45001,71272,29,0
45001,71274,30,0
45001,71276,31,0
45001,71278,32,0
45001,71208,33,0
45001,71279,34,0
45001,71281,35,0
45001,71084,36,0
45001,71354,37,0
45001,71352,38,0
45001,71356,39,0
45001,71127,40,0
45001,71294,41,0
45001,71296,42,0
45001,71221,43,1
50000,71321,1,0
50000,71285,2,0
50000,71286,3,0
50000,71287,4,0
50000,71288,5,0
50000,71207,6,0
50000,71277,7,0
50000,71275,8,0
50000,71300,9,0
50000,71149,10,0
50000,71151,11,0
50000,71263,12,0
50000,71370,13,0
50000,71265,14,0
50000,71267,15,0
50000,71269,16,0
50000,71270,17,0
50000,71272,18,0
50000,71274,19,0
50000,71322,20,0
50000,71303,21,0
50000,71305,22,0
50000,71085,23,0
50000,71354,24,0
50000,71352,25,0
50000,71356,26,0
50000,71127,27,0
50000,71294,28,0
50000,71296,29,0
50000,71221,30,1
51000,71321,1,0
51000,71026,2,0
51000,71027,3,0
51000,71028,4,0
51000,71029,5,0
51000,71030,6,0
51000,71032,7,0
51000,71033,8,0
51000,71034,9,0
51000,71035,10,0
51000,71036,11,0
51000,71037,12,0
51000,71038,13,0
51000,71039,14,0
51000,71040,15,1
51001,71040,1,0
51001,71042,2,0
51001,71043,3,0
51001,71044,4,0
51001,71045,5,0
51001,71046,6,0
51001,71047,7,0
51001,71026,8,0
51001,71027,9,0
51001,71028,10,0
51001,71029,11,0
51001,71030,12,0
51001,71032,13,0
51001,71033,14,0
51001,71321,15,1
60000,71083,1,0
60000,71321,2,1
60001,71321,1,0
60001,71411,2,0
60001,71083,3,1
80000,71321,1,0
80000,71180,2,0
80000,71100,3,0
80000,71098,4,0
80000,71192,5,0
80000,71193,6,0
80000,71176,7,0
80000,71095,8,0
80000,71167,9,0
80000,71161,10,0
80000,71092,11,0
80000,71091,12,0
80000,71089,13,0
80000,71413,14,0
80000,71155,15,0
80000,71153,16,0
80000,71150,17,0
80000,71301,18,0
80000,71276,19,0
80000,71278,20,0
80000,71208,21,0
80000,71216,22,0
80000,71218,23,0
80000,71210,24,0
80000,71188,25,1
